STRONGSORT:
  ECC: false
  EMA_ALPHA: 0.7770405999882067
  MAX_AGE: 150
  MAX_DIST: 0.38442901562498755
  MAX_IOU_DISTANCE: 0.7867545232049931
  MAX_UNMATCHED_PREDS: 0
  MC_LAMBDA: 0.995
  NN_BUDGET: 100
  N_INIT: 3
strongsort: null
