# Trial number:      8
# HOTA, MOTA, IDF1:  [41.734, 41.528, 49.572]
strong_ocsort:
  DELTA_T: 1
  DET_THRESH: 0
  ECC: true
  EMA_ALPHA: 0.7470299572646664
  INERTIA: 1.393193344636491
  IOU_THRESHOLD: 0.3822801330179513
  MAX_AGE: 50
  MAX_DIST: 0.1580544302795878
  MC_LAMBDA: 0.9178548319584965
  MIN_HITS: 3
  NN_BUDGET: 100
  USE_BYTE: true
  USE_RESURRECTION: true
  conf_thres: 0.36882300760913234
