botsort:
  appearance_thresh: 0.5915643362715014
  cmc_method: sparseOptFlow
  frame_rate: 30
  lambda_: 0.985
  match_thresh: 0.4155865284900855
  new_track_thresh: 0.6641148947401552
  proximity_thresh: 0.35405260856384646
  track_buffer: 40
  track_high_thresh: 0.46977752091132635
