alpha_fixed_emb: 0.9217945107294758
asso_func: iou
aw_off: true
aw_param: 0.431336052467765
cmc_off: true
delta_t: 3
det_thresh: 0.1
embedding_off: false
inertia: 0.11282583500843651
iou_thresh: 0.21251708690170096
max_age: 40
min_hits: 4
new_kf_off: false
w_association_emb: 0.5677451432405688
