OCSORT:
  ASSO_FUNC: iou
  DELTA_T: 3
  DET_THRESH: 0.3925425619241665
  INERTIA: 0.13656403631474065
  IOU_THRESH: 0.2718614648721373
  MAX_AGE: 30
  MIN_HITS: 3
  USE_BYTE: false
