# HOTA 54.438, MOTA 62.687, IDF1 68.019
OCSORT:
  DET_THRESH: 0.37890412407664104
  MAX_AGE: 30
  MIN_HITS: 3
  IOU_THRESH: 0.27078273141765513
  DELTA_T: 3
  ASSO_FUNC: iou
  INERTIA: 0.2
  USE_BYTE: True
